739	
740
741
742
952
953
954
955
956
957
958
959
960
961
962
963
964
965
966
967
1142
1143
1144
1145
1394
1395
1396
1397
1585
1586
1587
1588
1589
1590
1591
1592
1719
1720
1721
1722
1832
1833
1834
1835
2485
2486
2487
2488
2603
2604
2605
2606
2607
2608
2609
2610
3690
3691
3692
3693
3984
3985
3986
3987
3988
3989
3990
3991
7703
7704
7705
7706
7707
7708
7709
7710
7711
7712
7713
7714
7715
7716
7717
7718
8290
8291
8292
8293
11417
11418
11419
11420
11421
11422
11423
11424
12216
12217
12218
12219
12220
12221
12222
12223
16144
16145
16146
16147
16363
16364
16865
16866
16867
16868
16869
16870
22132
22133
22134
22135
23657
23658
23659
23660
25303
25304
25305
25306
25307
25308
25309
25310
25850
25851
25852
25853
25854
25855
25856
25857
26463
26464
26465
26466
26709
26710
26711
26712
26941
26942
26943
26944
26945
26946
26947
26948
30693
30694
30695
30696
32699
32700
32701
32702
32703
32704
32705
32706
32933
32934
32935
32936
33751
33752
33753
33754
33755
33756
33757
33758
37577
37578
37579
37580
37581
37582
37583
37584
37899
37900
37901
37902
39121
39122
39123
39124
39125
39126
39127
39128
41262
41263
41264
41265
41491
41492
41493
41494
42996
42997
42998
42999
43000
43001
43002
43003
43004
43005
43006
43007
43319
43320
43321
43322
45041
45042
45043
45044
45282
45283
45284
45285
45286
45287
45288
45289